0   tok q solver
00        0.0       1.0       0.0       1.0       1.0
01        0.0       1.0       1.0       0.0       7.0       +0.0
02        101.      211.      1.0       -2.0      1.0                 -2.1
03        0.70      .00000001 300.0     1500      0.0                 .200
04        +0.00     1.0000   +0.05093    .00000001 2.0       01.60     .400
05        2.6000    +2.650    0.9400    1.00      1.0       1.0       0.00
06        2.0       .01       4.0       0.0       1.0       1.0
07        0.0       0.0        0.0       0.0       1.0
08        0.0       0.0        0.0       128.      97.      32.0       +0.0
12        4.00      0.6550    3.7578    01.2444    2.0      +1.         1.0
13        0.0       +0.000    0.0      + 11.00      05.0      01.0       3.0
14        1.0       1.0       +0.000     0.0       2.0
15        0.4       1.6       0.0        0.0       1.0
99
